xof 0303txt 0032
template FVFData {
 <b6e70a0e-8ef9-4e83-94ad-ecc8b0c04897>
 DWORD dwFVF;
 DWORD nDWords;
 array DWORD data[nDWords];
}

template EffectInstance {
 <e331f7e4-0559-4cc2-8e99-1cec1657928f>
 STRING EffectFilename;
 [...]
}

template EffectParamFloats {
 <3014b9a0-62f5-478c-9b86-e4ac9f4e418b>
 STRING ParamName;
 DWORD nFloats;
 array FLOAT Floats[nFloats];
}

template EffectParamString {
 <1dbc4c88-94c1-46ee-9076-2c28818c9481>
 STRING ParamName;
 STRING Value;
}

template EffectParamDWord {
 <e13963bc-ae51-4c5d-b00f-cfa3a9d97ce5>
 STRING ParamName;
 DWORD Value;
}


Material Material__56087_22222Sub0 {
 1.000000;1.000000;1.000000;1.000000;;
 3.200000;
 0.000000;0.000000;0.000000;;
 0.000000;0.000000;0.000000;;

 TextureFilename {
  "2113Ů.tga";
 }
}

Frame ______02 {
 

 FrameTransformMatrix {
  -0.458097,-0.878757,-0.133918,0.000000,0.885277,-0.464614,0.020461,0.000000,-0.080200,-0.109182,0.990781,0.000000,-0.256868,1.009335,0.047203,1.000000;;
 }

 Frame {
  

  FrameTransformMatrix {
   1.000000,-0.000000,-0.000000,0.000000,0.000000,1.000000,0.000000,0.000000,0.000000,-0.000000,1.000000,0.000000,0.000000,0.000000,-0.000000,1.000000;;
  }

  Mesh  {
   4;
   0.155031;-0.014785;-0.003519;,
   0.156391;-0.013812;0.000410;,
   0.151625;-0.010196;0.000986;,
   0.151040;-0.013136;-0.006730;;
   2;
   3;0,2,1;,
   3;2,0,3;;

   MeshNormals  {
    2;
    0.532022;0.760445;-0.372391;,
    0.574410;0.749471;-0.329160;;
    2;
    3;0,0,0;,
    3;1,1,1;;
   }

   MeshMaterialList  {
    1;
    2;
    0,
    0;
    { Material__56087_22222Sub0 }
   }

   MeshTextureCoords  {
    4;
    0.489900;0.481673;,
    0.497434;0.480510;,
    0.497434;0.467724;,
    0.490479;0.471211;;
   }
  }
 }
}

Frame Particle_View_01 {
 

 FrameTransformMatrix {
  1.000000,0.000000,0.000000,0.000000,0.000000,1.000000,0.000000,0.000000,0.000000,0.000000,1.000000,0.000000,0.000000,0.000000,0.000000,1.000000;;
 }
}

Frame Particle_View_02 {
 

 FrameTransformMatrix {
  1.000000,0.000000,0.000000,0.000000,0.000000,1.000000,0.000000,0.000000,0.000000,0.000000,1.000000,0.000000,1.104642,0.000000,0.000000,1.000000;;
 }
}

Frame Particle_View01 {
 

 FrameTransformMatrix {
  1.000000,0.000000,0.000000,0.000000,0.000000,0.000000,-1.000000,0.000000,0.000000,1.000000,0.000000,0.000000,4.958657,0.000000,0.000000,1.000000;;
 }
}

Frame Particle_View01 {
 

 FrameTransformMatrix {
  1.000000,0.000000,0.000000,0.000000,0.000000,0.000000,-1.000000,0.000000,0.000000,1.000000,0.000000,0.000000,4.958657,0.000000,0.000000,1.000000;;
 }
}

Frame Particle_View01 {
 

 FrameTransformMatrix {
  1.000000,0.000000,0.000000,0.000000,0.000000,0.000000,-1.000000,0.000000,0.000000,1.000000,0.000000,0.000000,4.958657,0.000000,0.000000,1.000000;;
 }
}

Frame Particle_View01 {
 

 FrameTransformMatrix {
  0.307985,-0.701508,-0.642675,0.000000,0.002683,0.676149,-0.736760,0.000000,0.951387,0.225187,0.210125,0.000000,5.084538,-201.244095,-0.714148,1.000000;;
 }

 Frame {
  

  FrameTransformMatrix {
   1.000000,-0.000000,0.000000,0.000000,0.000000,1.000000,0.000000,0.000000,-0.000000,-0.000000,1.000000,0.000000,-0.000005,0.000001,-0.000001,1.000000;;
  }
 }
}

Frame Particle_View02 {
 

 FrameTransformMatrix {
  1.000000,0.000000,0.000000,0.000000,0.000000,0.000000,-1.000000,0.000000,0.000000,1.000000,0.000000,0.000000,4.409548,0.000000,0.000000,1.000000;;
 }
}

Frame Particle_View01 {
 

 FrameTransformMatrix {
  1.000000,0.000000,0.000000,0.000000,0.000000,0.000000,-1.000000,0.000000,0.000000,1.000000,0.000000,0.000000,4.409548,0.000000,0.000000,1.000000;;
 }
}

Frame Particle_View01 {
 

 FrameTransformMatrix {
  1.000000,0.000000,0.000000,0.000000,0.000000,0.000000,-1.000000,0.000000,0.000000,1.000000,0.000000,0.000000,4.409548,0.000000,0.000000,1.000000;;
 }
}

Frame Particle_View01 {
 

 FrameTransformMatrix {
  0.307985,-0.701508,-0.642675,0.000000,0.002683,0.676149,-0.736760,0.000000,0.951387,0.225187,0.210125,0.000000,4.539761,0.505814,-0.714599,1.000000;;
 }

 Frame {
  

  FrameTransformMatrix {
   1.000000,-0.000000,0.000000,0.000000,0.000000,1.000000,0.000000,0.000000,-0.000000,-0.000000,1.000000,0.000000,0.000000,-0.000000,0.000000,1.000000;;
  }
 }
}

Frame Particle_View02 {
 

 FrameTransformMatrix {
  1.000000,0.000000,0.000000,0.000000,0.000000,0.000000,-1.000000,0.000000,0.000000,1.000000,0.000000,0.000000,7.782496,0.000000,0.000000,1.000000;;
 }
}

Frame Particle_View01 {
 

 FrameTransformMatrix {
  1.000000,0.000000,0.000000,0.000000,0.000000,0.000000,-1.000000,0.000000,0.000000,1.000000,0.000000,0.000000,7.782496,0.000000,0.000000,1.000000;;
 }
}

Frame Particle_View01 {
 

 FrameTransformMatrix {
  1.000000,0.000000,0.000000,0.000000,0.000000,0.000000,-1.000000,0.000000,0.000000,1.000000,0.000000,0.000000,7.782496,0.000000,0.000000,1.000000;;
 }
}

Frame Particle_View01 {
 

 FrameTransformMatrix {
  0.307985,-0.701508,-0.642675,0.000000,0.002683,0.676149,-0.736760,0.000000,0.951387,0.225187,0.210125,0.000000,7.908378,-201.244095,-0.714148,1.000000;;
 }

 Frame {
  

  FrameTransformMatrix {
   1.000000,-0.000000,0.000000,0.000000,0.000000,1.000000,0.000000,0.000000,-0.000000,-0.000000,1.000000,0.000000,0.000005,-0.000007,0.000000,1.000000;;
  }
 }
}

Frame Particle_View03 {
 

 FrameTransformMatrix {
  1.000000,0.000000,0.000000,0.000000,0.000000,0.000000,-1.000000,0.000000,0.000000,1.000000,0.000000,0.000000,0.000000,0.000000,0.000000,1.000000;;
 }
}

Frame Particle_View01 {
 

 FrameTransformMatrix {
  1.000000,0.000000,0.000000,0.000000,0.000000,0.000000,-1.000000,0.000000,0.000000,1.000000,0.000000,0.000000,0.000000,0.000000,0.000000,1.000000;;
 }
}

Frame Particle_View01 {
 

 FrameTransformMatrix {
  1.000000,0.000000,0.000000,0.000000,0.000000,0.000000,-1.000000,0.000000,0.000000,1.000000,0.000000,0.000000,0.000000,0.000000,0.000000,1.000000;;
 }
}

Frame Particle_View01 {
 

 FrameTransformMatrix {
  0.307985,-0.701508,-0.642675,0.000000,0.002683,0.676149,-0.736760,0.000000,0.951387,0.225187,0.210125,0.000000,0.130213,0.505814,-0.714599,1.000000;;
 }

 Frame {
  

  FrameTransformMatrix {
   1.000000,-0.000000,0.000000,0.000000,0.000000,1.000000,0.000000,0.000000,-0.000000,-0.000000,1.000000,0.000000,-0.000000,0.000000,0.000000,1.000000;;
  }
 }
}

Frame Particle_View04 {
 

 FrameTransformMatrix {
  1.000000,0.000000,0.000000,0.000000,0.000000,0.000000,-1.000000,0.000000,0.000000,1.000000,0.000000,0.000000,3.372948,0.000000,0.000000,1.000000;;
 }
}

Frame Particle_View01 {
 

 FrameTransformMatrix {
  1.000000,0.000000,0.000000,0.000000,0.000000,0.000000,-1.000000,0.000000,0.000000,1.000000,0.000000,0.000000,3.372948,0.000000,0.000000,1.000000;;
 }
}

Frame Particle_View01 {
 

 FrameTransformMatrix {
  1.000000,0.000000,0.000000,0.000000,0.000000,0.000000,-1.000000,0.000000,0.000000,1.000000,0.000000,0.000000,3.372948,0.000000,0.000000,1.000000;;
 }
}

Frame Particle_View01 {
 

 FrameTransformMatrix {
  0.307985,-0.701508,-0.642675,0.000000,0.002683,0.676149,-0.736760,0.000000,0.951387,0.225187,0.210125,0.000000,3.498830,-201.244095,-0.714148,1.000000;;
 }

 Frame {
  

  FrameTransformMatrix {
   1.000000,-0.000000,0.000000,0.000000,0.000000,1.000000,0.000000,0.000000,-0.000000,-0.000000,1.000000,0.000000,-0.000007,0.000004,-0.000000,1.000000;;
  }
 }
}