xof 0303txt 0032
template FVFData {
 <b6e70a0e-8ef9-4e83-94ad-ecc8b0c04897>
 DWORD dwFVF;
 DWORD nDWords;
 array DWORD data[nDWords];
}

template EffectInstance {
 <e331f7e4-0559-4cc2-8e99-1cec1657928f>
 STRING EffectFilename;
 [...]
}

template EffectParamFloats {
 <3014b9a0-62f5-478c-9b86-e4ac9f4e418b>
 STRING ParamName;
 DWORD nFloats;
 array FLOAT Floats[nFloats];
}

template EffectParamString {
 <1dbc4c88-94c1-46ee-9076-2c28818c9481>
 STRING ParamName;
 STRING Value;
}

template EffectParamDWord {
 <e13963bc-ae51-4c5d-b00f-cfa3a9d97ce5>
 STRING ParamName;
 DWORD Value;
}


Material Material__56111_22222Sub0 {
 1.000000;1.000000;1.000000;1.000000;;
 3.200000;
 0.000000;0.000000;0.000000;;
 0.000000;0.000000;0.000000;;

 TextureFilename {
  "2113Ů.tga";
 }
}

Frame ______02 {
 

 FrameTransformMatrix {
  0.458097,-0.878756,-0.133917,0.000000,0.885277,0.464614,-0.020459,0.000000,0.080198,-0.109182,0.990781,0.000000,0.261034,1.006473,0.011852,1.000000;;
 }

 Frame {
  

  FrameTransformMatrix {
   1.000000,-0.000000,-0.000000,0.000000,0.000000,1.000000,-0.000000,0.000000,0.000000,0.000000,1.000000,0.000000,0.000000,-0.000000,0.000000,1.000000;;
  }

  Mesh  {
   4;
   0.153076;0.003052;0.029159;,
   0.154985;0.001686;0.034676;,
   0.148293;-0.003392;0.035484;,
   0.147471;0.000736;0.024649;;
   2;
   3;0,2,3;,
   3;2,0,1;;

   MeshNormals  {
    2;
    0.574408;-0.749472;-0.329160;,
    0.532023;-0.760446;-0.372388;;
    2;
    3;0,0,0;,
    3;1,1,1;;
   }

   MeshMaterialList  {
    1;
    2;
    0,
    0;
    { Material__56111_22222Sub0 }
   }

   MeshTextureCoords  {
    4;
    0.491223;0.479835;,
    0.498942;0.478699;,
    0.498942;0.466204;,
    0.491816;0.469612;;
   }
  }
 }
}

Frame Particle_View_01 {
 

 FrameTransformMatrix {
  1.000000,0.000000,0.000000,0.000000,0.000000,1.000000,0.000000,0.000000,0.000000,0.000000,1.000000,0.000000,0.000000,0.000000,0.000000,1.000000;;
 }
}

Frame Particle_View_02 {
 

 FrameTransformMatrix {
  1.000000,0.000000,0.000000,0.000000,0.000000,1.000000,0.000000,0.000000,0.000000,0.000000,1.000000,0.000000,1.104642,0.000000,0.000000,1.000000;;
 }
}

Frame Particle_View01 {
 

 FrameTransformMatrix {
  1.000000,0.000000,0.000000,0.000000,0.000000,0.000000,-1.000000,0.000000,0.000000,1.000000,0.000000,0.000000,4.958657,0.000000,0.000000,1.000000;;
 }
}

Frame Particle_View01 {
 

 FrameTransformMatrix {
  1.000000,0.000000,0.000000,0.000000,0.000000,0.000000,-1.000000,0.000000,0.000000,1.000000,0.000000,0.000000,4.958657,0.000000,0.000000,1.000000;;
 }
}

Frame Particle_View01 {
 

 FrameTransformMatrix {
  1.000000,0.000000,0.000000,0.000000,0.000000,0.000000,-1.000000,0.000000,0.000000,1.000000,0.000000,0.000000,4.958657,0.000000,0.000000,1.000000;;
 }
}

Frame Particle_View01 {
 

 FrameTransformMatrix {
  0.307985,-0.701508,-0.642675,0.000000,0.002683,0.676149,-0.736760,0.000000,0.951387,0.225187,0.210125,0.000000,5.084538,-201.244095,-0.714148,1.000000;;
 }

 Frame {
  

  FrameTransformMatrix {
   1.000000,-0.000000,0.000000,0.000000,0.000000,1.000000,0.000000,0.000000,-0.000000,-0.000000,1.000000,0.000000,-0.000005,0.000001,-0.000001,1.000000;;
  }
 }
}

Frame Particle_View02 {
 

 FrameTransformMatrix {
  1.000000,0.000000,0.000000,0.000000,0.000000,0.000000,-1.000000,0.000000,0.000000,1.000000,0.000000,0.000000,4.409548,0.000000,0.000000,1.000000;;
 }
}

Frame Particle_View01 {
 

 FrameTransformMatrix {
  1.000000,0.000000,0.000000,0.000000,0.000000,0.000000,-1.000000,0.000000,0.000000,1.000000,0.000000,0.000000,4.409548,0.000000,0.000000,1.000000;;
 }
}

Frame Particle_View01 {
 

 FrameTransformMatrix {
  1.000000,0.000000,0.000000,0.000000,0.000000,0.000000,-1.000000,0.000000,0.000000,1.000000,0.000000,0.000000,4.409548,0.000000,0.000000,1.000000;;
 }
}

Frame Particle_View01 {
 

 FrameTransformMatrix {
  0.307985,-0.701508,-0.642675,0.000000,0.002683,0.676149,-0.736760,0.000000,0.951387,0.225187,0.210125,0.000000,4.539761,0.505814,-0.714599,1.000000;;
 }

 Frame {
  

  FrameTransformMatrix {
   1.000000,-0.000000,0.000000,0.000000,0.000000,1.000000,0.000000,0.000000,-0.000000,-0.000000,1.000000,0.000000,0.000000,-0.000000,0.000000,1.000000;;
  }
 }
}

Frame Particle_View02 {
 

 FrameTransformMatrix {
  1.000000,0.000000,0.000000,0.000000,0.000000,0.000000,-1.000000,0.000000,0.000000,1.000000,0.000000,0.000000,7.782496,0.000000,0.000000,1.000000;;
 }
}

Frame Particle_View01 {
 

 FrameTransformMatrix {
  1.000000,0.000000,0.000000,0.000000,0.000000,0.000000,-1.000000,0.000000,0.000000,1.000000,0.000000,0.000000,7.782496,0.000000,0.000000,1.000000;;
 }
}

Frame Particle_View01 {
 

 FrameTransformMatrix {
  1.000000,0.000000,0.000000,0.000000,0.000000,0.000000,-1.000000,0.000000,0.000000,1.000000,0.000000,0.000000,7.782496,0.000000,0.000000,1.000000;;
 }
}

Frame Particle_View01 {
 

 FrameTransformMatrix {
  0.307985,-0.701508,-0.642675,0.000000,0.002683,0.676149,-0.736760,0.000000,0.951387,0.225187,0.210125,0.000000,7.908378,-201.244095,-0.714148,1.000000;;
 }

 Frame {
  

  FrameTransformMatrix {
   1.000000,-0.000000,0.000000,0.000000,0.000000,1.000000,0.000000,0.000000,-0.000000,-0.000000,1.000000,0.000000,0.000005,-0.000007,0.000000,1.000000;;
  }
 }
}

Frame Particle_View03 {
 

 FrameTransformMatrix {
  1.000000,0.000000,0.000000,0.000000,0.000000,0.000000,-1.000000,0.000000,0.000000,1.000000,0.000000,0.000000,0.000000,0.000000,0.000000,1.000000;;
 }
}

Frame Particle_View01 {
 

 FrameTransformMatrix {
  1.000000,0.000000,0.000000,0.000000,0.000000,0.000000,-1.000000,0.000000,0.000000,1.000000,0.000000,0.000000,0.000000,0.000000,0.000000,1.000000;;
 }
}

Frame Particle_View01 {
 

 FrameTransformMatrix {
  1.000000,0.000000,0.000000,0.000000,0.000000,0.000000,-1.000000,0.000000,0.000000,1.000000,0.000000,0.000000,0.000000,0.000000,0.000000,1.000000;;
 }
}

Frame Particle_View01 {
 

 FrameTransformMatrix {
  0.307985,-0.701508,-0.642675,0.000000,0.002683,0.676149,-0.736760,0.000000,0.951387,0.225187,0.210125,0.000000,0.130213,0.505814,-0.714599,1.000000;;
 }

 Frame {
  

  FrameTransformMatrix {
   1.000000,-0.000000,0.000000,0.000000,0.000000,1.000000,0.000000,0.000000,-0.000000,-0.000000,1.000000,0.000000,-0.000000,0.000000,0.000000,1.000000;;
  }
 }
}

Frame Particle_View04 {
 

 FrameTransformMatrix {
  1.000000,0.000000,0.000000,0.000000,0.000000,0.000000,-1.000000,0.000000,0.000000,1.000000,0.000000,0.000000,3.372948,0.000000,0.000000,1.000000;;
 }
}

Frame Particle_View01 {
 

 FrameTransformMatrix {
  1.000000,0.000000,0.000000,0.000000,0.000000,0.000000,-1.000000,0.000000,0.000000,1.000000,0.000000,0.000000,3.372948,0.000000,0.000000,1.000000;;
 }
}

Frame Particle_View01 {
 

 FrameTransformMatrix {
  1.000000,0.000000,0.000000,0.000000,0.000000,0.000000,-1.000000,0.000000,0.000000,1.000000,0.000000,0.000000,3.372948,0.000000,0.000000,1.000000;;
 }
}

Frame Particle_View01 {
 

 FrameTransformMatrix {
  0.307985,-0.701508,-0.642675,0.000000,0.002683,0.676149,-0.736760,0.000000,0.951387,0.225187,0.210125,0.000000,3.498830,-201.244095,-0.714148,1.000000;;
 }

 Frame {
  

  FrameTransformMatrix {
   1.000000,-0.000000,0.000000,0.000000,0.000000,1.000000,0.000000,0.000000,-0.000000,-0.000000,1.000000,0.000000,-0.000007,0.000004,-0.000000,1.000000;;
  }
 }
}